-1.32897014671217 -2.36785102664075 -1 1
-2.15970367170725 -1.41686449781219 -1 1
-1.38963684686937 -0.939314504497346 -1 1
-2.39486126072160 0.156941452755162 -1 1
-2.06264712461684 -0.804412097745957 -1 1
-1.59995934139993 -2.07087560267702 -1 1
-0.301759430691359 -0.780246221467475 -1 1
-1.30880048251936 -0.655267889174166 -1 1
-2.13821265199027 -3.26960613438387 -1 1
-0.725161331033519 -0.677840073724945 -1 1
-2.73393355319214 -0.76718258286048 -1 1
-1.54347592440629 -0.712018637866198 -1 1
-2.56545772113774 -2.86936228227077 -1 1
-1.43201933507797 -2.13302840936145 -1 1
-2.07330667024688 -3.72123784804042 -1 1
-2.84033507635568 -0.243184822799128 -1 1
-1.47403941210529 -0.549328960464295 -1 1
-1.83738457125925 -2.66717286904658 -1 1
-2.27871321216998 -2.98058889038791 -1 1
-1.95615460430846 -1.67004701470848 -1 1
-2.60073487762731 -2.20452775815597 -1 1
-0.26734293595561 -1.71331299152070 -1 1
-3.47839627261639 -2.83115791470682 -1 1
-1.19695437101501 -0.945609834844714 -1 1
-2.78998139170657 0.257675391308978 -1 1
-2.12464531272405 0.777501391183755 -1 1
-2.31932391039648 -1.86277899921771 -1 1
-5.54482177865753 -2.70213117761077 -1 1
-2.78021553510943 -3.03301792798881 -1 1
-1.60768417956298 -1.74172015222199 -1 1
-3.61446849343074 -1.80335879930914 -1 1
-3.23422019981727 -2.70249791326027 -1 1
-3.02682979962044 -1.74278869754663 -1 1
-2.41276478154580 -0.776567065003342 -1 1
-1.75552935518460 -1.91038140781957 -1 1
-0.139451116184016 -1.18482537954623 -1 1
-2.95650175314386 -1.29101568834187 -1 1
-2.9489793179245 -1.61904473503749 -1 1
-2.60315833182049 -3.18621980659633 -1 1
-1.46831479870983 -3.80905675128548 -1 1
-0.905005395061582 -2.03556983376913 -1 1
-0.901078142728159 -0.825017845358332 -1 1
-0.665652556519657 -1.32550835429996 -1 1
-1.46112641743637 -1.97574413713737 -1 1
-1.06457534745575 -2.785521609747 -1 1
-1.34420271056785 -1.06666579289930 -1 1
-2.07631856650808 -1.93542983825108 -1 1
-2.35690175063823 -3.26600979191016 -1 1
-1.7056897160519 -3.04297084229814 -1 1
-2.80704309897473 -1.53106686645482 -1 1
-2.44711856977661 -2.5849302819368 -1 1
-1.51065176293650 -0.86509385564769 -1 1
-1.94090434314101 -0.634401545904208 -1 1
-2.04270534190753 -0.361097103415342 -1 1
-1.06607471507957 -3.29065512487734 -1 1
-3.24060617216703 -2.26876252288359 -1 1
-0.0486425864884459 -1.13673076708325 -1 1
-0.266739979422662 -0.878999257393973 -1 1
-0.420637663314567 -0.482675855002418 -1 1
-1.06406981568800 -4.17713862737802 -1 1
-0.625197602089241 -2.91030552103365 -1 1
-3.27562750609849 -2.30760870403296 -1 1
-0.499947053765473 -3.29272300439147 -1 1
-2.91674268064002 -1.68191356080486 -1 1
-2.17888247623848 -0.662447607788639 -1 1
-2.09290120372439 -0.593566611901163 -1 1
-1.25264885418333 -3.199747175357 -1 1
-2.00339086767013 -0.708453667782978 -1 1
-1.36640247016023 -0.609207709185745 -1 1
-0.911401862275114 -2.55455598535213 -1 1
-1.64339071909895 -2.70101342303568 -1 1
-1.71423981174520 -2.33624402853916 -1 1
0.199702636780847 -1.83962146056716 -1 1
-1.18400256670017 -2.30370589782562 -1 1
-2.80977943163309 -0.908178300835772 -1 1
-2.13569173985164 -0.91407304459949 -1 1
-0.700888732479868 -1.74846788054676 -1 1
-3.14027577143708 -0.902886138153785 -1 1
-0.681225799170511 -0.525783857770332 -1 1
-2.08732062127811 -1.89701037917116 -1 1
-0.0586057242746669 -4.04053972551628 -1 1
-1.88077968783775 0.421666644295287 -1 1
-1.37795480435589 -1.77199347049285 -1 1
-1.41637459799429 -2.44011696127162 -1 1
-2.77060878833344 -0.929345155427266 -1 1
-2.19214219615774 -1.98905330321631 -1 1
-2.52816178990139 -2.2585972967922 -1 1
-2.16234859219211 -1.60438927644781 -1 1
-1.62177037851373 -0.99010930185921 -1 1
-3.23318182763954 -1.13658991149595 -1 1
-0.372235271791896 -2.34620587435379 -1 1
-1.5001555577351 -1.95434020917647 -1 1
-3.52894478305670 -2.96387692953025 -1 1
-3.6191496287414 -0.799179012881697 -1 1
-1.95049705463410 -1.76753962185022 -1 1
-2.99928621186237 -1.39904916882386 -1 1
-2.00475587442074 -2.36844162821365 -1 1
-0.830570944902423 -1.45228655753697 -1 1
-1.49328010078687 -2.08341021079596 -1 1
-1.99969145454271 -1.06885729770145 -1 1
2.49460626439645 3.86875369750027 -1 -1
0.7446494499116 1.68808804411077 -1 -1
1.71014916961483 1.73205312306135 -1 -1
2.53359800973500 1.6784603245221 -1 -1
4.36539754555225 2.68376377601958 -1 -1
1.30100189213241 0.393578903079953 -1 -1
3.39025005470382 3.81407573113482 -1 -1
2.99425229125324 1.55248460007409 -1 -1
-0.697405479258973 2.66052071663056 -1 -1
1.05485413438518 1.43026328316951 -1 -1
2.15499286281072 2.80396478089847 -1 -1
1.13383276710016 1.16636578938430 -1 -1
2.40583658837318 1.71309249518999 -1 -1
3.9529836684296 -0.0306622708202284 -1 -1
1.44673688777537 1.69536150393561 -1 -1
2.40653572484163 2.53986102442878 -1 -1
0.927093361660263 2.05434503667819 -1 -1
2.13211058846022 0.780770245015111 -1 -1
1.52942807748731 -0.384411036254697 -1 -1
0.0374065135699719 3.71412296025181 -1 -1
1.32860906911755 2.4624846210011 -1 -1
3.11790204244201 4.23424681600907 -1 -1
1.47550988790566 1.1318875058157 -1 -1
1.76354867452616 0.186487030093577 -1 -1
2.72517351969596 0.867467761927136 -1 -1
1.64871907711219 1.14947956824857 -1 -1
3.35728840379298 3.39193733666552 -1 -1
1.97314223473543 0.71936438292462 -1 -1
2.46627878877807 1.85228201801042 -1 -1
1.82782122930369 0.662112012577584 -1 -1
0.469136899706291 2.69385034831914 -1 -1
2.95906527151821 1.34793880046152 -1 -1
3.1845846978969 1.90347273893573 -1 -1
1.62972843753454 1.88240236488746 -1 -1
1.84880143044407 1.08902891549876 -1 -1
2.74003682637714 3.28858597224097 -1 -1
1.54579953010360 2.58652641559206 -1 -1
2.41806254601694 1.41997311235272 -1 -1
0.679066628438395 2.5492871531371 -1 -1
3.53627392920231 2.20395858016939 -1 -1
1.91575617514485 2.04417898782122 -1 -1
1.99849496533958 1.34313999800502 -1 -1
3.73338748817565 2.7673871731482 -1 -1
2.35097932569732 3.09463656920031 -1 -1
2.44118802836801 2.77962382569914 -1 -1
2.72291823080543 4.11301272621089 -1 -1
-0.333578934240685 1.93864004097092 -1 -1
1.45281983530088 1.77630338471216 -1 -1
4.06662985060252 2.79810284586335 -1 -1
1.18796770270894 1.94600292544487 -1 -1
0.690665017500061 3.21726119606832 -1 -1
2.78069373531768 1.98025053530047 -1 -1
2.07146143234442 2.77246826065373 -1 -1
2.36549947930286 2.31182063191906 -1 -1
1.4782493446176 1.98015787175957 -1 -1
0.585216947594101 1.22131489755131 -1 -1
1.85336420511426 0.707882262279918 -1 -1
2.41381294874122 2.24766717770949 -1 -1
2.39771241502864 1.77055374509899 -1 -1
0.604267049505909 3.16280325091495 -1 -1
2.81450596467485 1.14183730585994 -1 -1
2.93364913348434 2.64917329100802 -1 -1
3.18414663995059 3.16608797066945 -1 -1
3.25191092293097 3.42335827192670 -1 -1
2.2453247048103 1.59789384315062 -1 -1
0.875192156027067 1.54233584846762 -1 -1
2.89266085813154 1.29408855207970 -1 -1
0.171910769280119 3.71229856331406 -1 -1
0.519019904060457 1.22505957089452 -1 -1
1.81434871964992 1.27449969743080 -1 -1
2.57908019548281 2.02392243783863 -1 -1
1.70639994544607 0.581553546693116 -1 -1
2.35788618976732 0.611170547764614 -1 -1
2.25599283045020 1.32790185796492 -1 -1
1.35040643794059 2.07276219536503 -1 -1
1.39329211427557 2.06473061135590 -1 -1
1.33088217468705 2.39043191559914 -1 -1
1.73118239651758 0.655853745458392 -1 -1
2.70919473877065 1.94105221553915 -1 -1
2.1448373798777 2.19455127482444 -1 -1
0.974221061163073 0.780324226340574 -1 -1
1.60717332452036 2.90271704500523 -1 -1
1.78505625028714 0.29413215901734 -1 -1
1.26508124491513 2.92214327142116 -1 -1
0.653893256808685 1.48139537994700 -1 -1
1.94673646103508 1.51013334653874 -1 -1
1.37651122485238 3.31676717137167 -1 -1
0.760451278123538 0.979923184771868 -1 -1
1.28292094213002 2.66135701016817 -1 -1
0.536342053807597 1.85100087363587 -1 -1
1.18225844069278 0.39263971309868 -1 -1
2.5717715638596 2.84462847265310 -1 -1
2.42383258110959 0.666237598132384 -1 -1
0.747348132067155 1.47264064251741 -1 -1
0.838865215496192 1.76783636185541 -1 -1
4.52610068296141 1.46232793550644 -1 -1
1.06513040906981 2.40015863837706 -1 -1
2.1234030850167 1.67672406529316 -1 -1
3.93362700547878 1.77953431787149 -1 -1
5.240508093196 3.19583522613743 -1 -1